0,489
0,488
0,487
0,486
0,485
0,484
0,483
0,482
0,481
0,480
0,479
0,478
0,477
0,476
0,475
0,474
0,473
0,472
0,471
0,470
0,469
0,468
0,467
0,466
0,465
0,464
0,463
0,462
0,461
0,460
0,459
0,458
0,457
0,456
0,455
0,454
28,5
28,4
28,3
28,2
0,453
28,1
28,0
0,452
0,451
0,450
0,449
0,448
0,447
0,446
0,445
0,444
0,443
0,442
27,4
27,3
27,2
0,441
27,1
27,0
0,440
26,3
26,2
0,439
26,1
26,0
0,438
0,437
0,436
0,435
0,434
0,433
0,432
0,431
0,430
0,429
0,428
25,5
25,4
25,3
25,2
25,1
25,0
0,427
0,426
0,425
0,424
0,423
0,422
0,421
0,420
24,4
24,3
24,2
24,1
24,0
0,419
23,3
23,2
0,418
23,1
23,0
0,417
0,416
0,415
22,3
22,2
0,414
22,1
22,0
0,413
0,412
0,411
21,3
21,2
0,410
21,1
21,0
0,409
0,408
0,407
0,406
20,3
20,2
0,405
20,1
20,0
0,404
0,403
0,402
19,3
19,2
0,401
19,1
19,0
0,400
0,399
0,398
18,3
18,2
0,397
18,1
18,0
0,396
0,395
0,394
17,3
17,2
0,393
17,1
17,0
0,392
0,391
0,390
16,3
16,2
0,389
16,1
16,0
0,388
0,387
0,386
15,3
15,2
0,385
15,1
15,0
0,384
0,383
0,382
14,3
14,2
0,381
14,1
14,0
0,380
0,379
0,378
13,3
13,2
0,377
13,1
13,0
0,376
0,375
0,374
12,3
12,2
0,373
12,1
12,0
0,372
0,371
0,370
11,3
11,2
0,369
11,1
11,0
0,368
0,367
0,366
0,365
10,4
0,364
0,363
0,362
10,3
10,2
0,361
10,1
10,0
0,360
0,359
0,358
9,3
9,2
0,357
9,1
9,0
0,356
0,355
0,354
8,3
8,2
0,353
8,1
8,0
0,352
0,351
0,350
0,349
7,6
0,348
0,347
0,346
0,345
7,5
0,344
0,343
0,342
0,341
7,4
0,340
0,339
0,338
7,3
7,2
0,337
7,1
7,0
0,336
0,335
0,334
0,333
0,332
0,331
6,5
0,330
0,329
0,328
0,327
6,4
0,326
0,325
0,324
6,3
6,2
0,323
0,322
6,1
6,0
0,321
0,320
0,319
0,318
5,4
0,317
0,316
0,243
5,3
5,2
5,1
5,0
4,3
4,2
0,9
4,1
4,0
3,3
3,1
3,0
2,3
2,1
2,0
1,3
1,1
1,0
0,310
0,305
0,308
0,307
0,302
0,304
0,303
0,12
0,10
0,8
0,0
0,300
0,299
0,298
0,297
0,296
0,295
0,294
0,293
0,292
0,291
0,290
0,289
0,288
0,287
0,286
0,285
0,284
0,283
0,282
0,281
0,280
0,279
0,278
0,277
0,276
0,275
0,274
0,273
0,272
0,271
0,270
0,269
0,268
0,267
0,266
0,265
0,264
0,263
0,262
0,261
0,260
0,259
0,258
0,257
0,256
0,255
0,254
0,253
0,252
0,251
0,250
0,249
0,248
0,247
0,246
0,245
0,244
0,242
0,241
0,240
0,239
0,238
0,237
0,236
0,235
0,234
0,233
0,232
0,231
0,230
0,229
0,228
0,227
0,226
0,225
0,224
0,223
0,222
0,221
0,220
0,219
0,218
0,217
0,216
0,215
0,214
0,213
0,212
0,211
0,210
0,209
0,208
0,207
0,206
0,205
0,204
0,203
0,202
0,201
0,200
0,199
0,198
0,197
0,196
0,195
0,194
0,193
0,192
0,63
0,62
0,61
0,60
0,59
0,58
0,57
0,56
0,55
0,54
0,53
0,52
0,315
0,51
0,314
0,50
0,313
0,49
0,312
0,48
0,311
0,47
0,309
0,46
0,306
0,45
0,301
0,6
0,5
0,1
0,11
0,4
0,2
0,3
0,7
